[ 0.005007 -0.327486  0.374179  0.251636  2.630448 -1.234103]
[ 0.005007 -0.327486  0.374179  0.242074  2.6055   -1.278324]
[ 0.005007 -0.327486  0.374179  0.093693  2.578952 -1.240083]
[ 0.005007 -0.327486  0.374179  0.406815  2.633142 -1.321879]
[ 0.005007 -0.327486  0.374179  0.311187  2.763647 -1.411364]
[ 0.005007 -0.327486  0.374179 -0.263962 -2.75755   1.405426]
[ 0.005007 -0.327486  0.374179 -0.266082 -2.725744  1.475854]
[ 0.005007 -0.327486  0.374179 -0.282908 -2.714019  1.470938]
[ 0.005007 -0.327486  0.374179 -0.268552 -2.706661  1.453849]
[ 0.005007 -0.327486  0.374179 -0.332073 -2.649735  1.503713]
[ 0.005007 -0.327486  0.374179 -0.119886 -2.724128  1.502235]
[ 0.005007 -0.327486  0.374179  0.162992  2.730233 -1.501482]
